343
211 1
211 1
211 1
211 1
211 0
211 1
211 0
211 2
211 1
211 1
211 3
211 2
211 0
211 1
211 1
211 1
211 1
211 3
211 1
211 1
211 1
211 1
211 2
211 3
211 3
211 3
211 1
211 1
211 1
211 1
211 4
211 1
211 4
211 1
211 0
211 1
211 1
211 1
211 1
211 2
211 0
211 2
211 1
211 1
211 1
211 0
211 1
211 1
211 1
211 0
211 2
211 1
211 2
211 1
211 1
211 1
211 1
211 0
211 3
211 1
211 1
211 4
211 0
211 1
211 1
211 2
211 1
211 1
211 1
211 3
211 3
211 1
211 1
211 1
211 0
211 1
211 1
211 1
211 3
211 1
211 3
211 3
211 1
211 3
211 1
211 3
211 1
211 0
211 2
211 1
211 1
211 1
211 1
211 1
211 1
211 2
211 1
211 1
211 2
211 1
211 0
211 0
211 1
211 3
211 2
211 1
211 1
211 1
211 1
211 1
211 1
211 1
211 3
211 0
211 3
211 1
211 3
211 3
211 0
211 1
211 1
211 1
211 1
211 0
211 1
211 0
211 2
211 3
211 0
211 1
211 1
